0.000000000000000000e+00 9.446814468621236860e-03 1.147013001404163443e-02 2.494905686045726864e-02 6.748784600094531218e-03 -6.433718047239010175e-03 -3.210464339575613401e-03 -1.136917096131249754e-03 9.686954200597852355e-04 -9.438610783961166872e-04
1.000000000000000056e-01 -1.049926155377023246e-01 -2.390653712694232672e-02 1.297186336276019529e-02 -2.853501359699373713e-02 -8.756303180422458227e-03 -1.150380380210825650e-02 -8.052686951413909333e-03 -1.157207107202337312e-02 -8.569300103232053295e-03
2.000000000000000111e-01 -1.730133558009425976e-01 -5.514483735274702814e-03 -4.907995171548483818e-03 -1.229162659790553058e-02 -1.880101616754454447e-02 -3.201429500480509893e-03 -1.531405817934149843e-02 -1.135928653061191000e-02 -1.672889281267686892e-02
3.000000000000000444e-01 4.367284575081888803e-02 4.417315353099118130e-02 -2.043950961481050960e-02 -3.988146966547025801e-02 -2.768466140923944718e-02 -2.524552664298780613e-02 -1.554536051037817834e-02 -2.156410975142116979e-02 -2.024689014144441523e-02
4.000000000000000222e-01 -1.008355536927138807e-01 2.598330179517484642e-02 -5.021399179924804224e-02 -1.749145954060252542e-02 -8.827594187306673015e-03 -2.269652903421048168e-02 -1.895714025839907724e-02 -2.219822504484078238e-02 -2.100511369595742250e-02
5.000000000000000000e-01 9.069756046320140430e-02 -7.434406915287673778e-02 -1.270157683423298045e-03 -2.023229499993154518e-02 -2.432828957311421875e-02 -2.190406515914675167e-02 -2.460397564558755579e-02 -1.869174603721352260e-02 -2.040004096582840112e-02
6.000000000000000888e-01 -1.527910808041834378e-01 -1.895624638372898213e-02 -1.848829978486572420e-02 -9.616794972913005057e-03 -4.314784055405306018e-02 -1.848047849666299008e-02 -1.326547284280130655e-02 -1.596226638040837767e-02 -1.604667361618229010e-02
7.000000000000000666e-01 7.968862685955871439e-02 -5.110444050752695200e-02 -5.280908867973947707e-02 -1.115401829047462344e-02 -1.331116003497474949e-02 -1.977673854562173039e-02 -1.096616952393705303e-02 -1.238783029991661830e-02 -1.162559182586773987e-02
8.000000000000000444e-01 6.882267481795166508e-02 -1.268314091007606385e-03 2.302613435271426770e-02 4.169462261054792881e-03 -1.231716257082365873e-02 -2.538555383671333918e-03 -9.634642950262064034e-04 -5.185318877594003936e-03 -4.295742699994806006e-03
9.000000000000000222e-01 -4.984934993826469624e-02 -1.100599339991933240e-01 1.956297973824355080e-02 -7.676690327964013488e-03 2.176171822131966419e-03 -7.485313816534763798e-04 9.547618693471735668e-03 4.456407801669117277e-03 3.275539077194818734e-03
1.000000000000000000e+00 -2.406535457673819600e-02 7.766465744765196910e-02 1.393516175299628485e-02 1.914173517031695498e-02 2.803068335103993738e-03 1.567687603668309337e-02 2.364003039076906926e-02 1.416560105922506051e-02 1.366689834061461314e-02
1.100000000000000089e+00 6.875094868087321121e-02 6.741467277384557977e-02 4.667098251697998634e-02 3.981838812401478078e-02 1.485416408981697980e-02 1.945899354320079419e-02 2.521539122580306394e-02 2.782429627887925486e-02 2.609859950662165098e-02
1.200000000000000178e+00 9.524313976660697678e-02 1.810237056822929999e-02 1.783332986971556192e-02 5.682163358545318232e-02 4.851293645954175837e-02 4.377133957558974192e-02 3.969477343838067468e-02 4.177153156643287346e-02 4.192099453040474405e-02
1.300000000000000044e+00 2.080931408047001219e-01 1.492711778638069475e-01 -1.769507520699910297e-02 2.574635707499127804e-02 5.908993642997528023e-02 5.415895749389369046e-02 5.739581672818243330e-02 5.704271700277006169e-02 5.688322766859836566e-02
1.400000000000000133e+00 5.435448354056698905e-02 1.566173538337989612e-01 7.145439188212826531e-02 7.123983026219644910e-02 7.716267012144382986e-02 6.429772512499361270e-02 6.892195946970099130e-02 7.066727705683939487e-02 6.953281224337470867e-02
1.500000000000000000e+00 -9.739252334486234175e-03 6.291324296800669680e-02 8.376339629049264768e-02 1.060876748500903660e-01 6.511806466715915065e-02 8.529352451767058252e-02 9.114513789991569859e-02 8.799637676933351471e-02 8.722793443717509476e-02
1.600000000000000089e+00 1.951650524545978094e-01 1.118307883578922995e-01 1.661009459717049941e-01 6.920583880464652171e-02 1.043170251013757072e-01 1.086562494870272622e-01 9.850004763826118726e-02 1.037002872222872324e-01 1.017704483814192984e-01
1.700000000000000178e+00 1.392681143685579326e-01 1.845783052546350889e-01 9.454649341550555586e-02 1.264640718021161625e-01 1.083605616374115621e-01 1.256350793601192783e-01 1.142682875318374869e-01 1.183353490753221854e-01 1.188130747652919594e-01
1.800000000000000044e+00 4.694015581116230129e-02 1.577604490217349165e-01 1.131714942497144272e-01 9.916568066668238202e-02 1.349575976881768058e-01 1.336427323786128218e-01 1.302687862757496706e-01 1.310089352416246022e-01 1.316604618508694091e-01
1.900000000000000133e+00 1.456426051823101753e-01 1.446034744014484674e-01 1.541518092676287532e-01 1.548719274705060989e-01 1.392439295069103355e-01 1.465584378363616047e-01 1.499908553121409305e-01 1.465737191502700931e-01 1.486904415873215868e-01
2.000000000000000000e+00 2.923257058000413022e-01 2.366634354426289111e-01 1.743235114888782855e-01 1.322252860605054869e-01 1.578279626528344415e-01 1.594338496368451485e-01 1.542933781997252174e-01 1.611804351763792831e-01 1.613480965108642085e-01
2.100000000000000089e+00 3.829408377555089116e-01 2.865136225008080850e-01 1.795680934989058453e-01 1.666492690641731000e-01 1.610771007291962598e-01 1.738322523463365077e-01 1.705125950061164020e-01 1.702367286742741126e-01 1.734165125643254424e-01
2.200000000000000178e+00 2.741694292873998462e-01 1.654670945653917702e-01 1.825262583322906085e-01 1.754450818319026606e-01 1.797266567274408977e-01 1.879758838436581536e-01 1.878581134216165960e-01 1.822259827905388929e-01 1.839113251937393168e-01
2.300000000000000266e+00 2.305796941746232620e-02 2.000094362996938657e-01 2.554705318395141256e-01 1.973551966917352074e-01 1.906511782017343559e-01 1.956784671389448782e-01 1.896491529011089527e-01 1.954011093514688990e-01 1.927185416156031728e-01
2.400000000000000355e+00 1.796181593893391160e-01 1.956558750444669370e-01 2.037231288871070023e-01 2.167402279790007769e-01 2.055472330872322173e-01 2.051885934497457709e-01 2.006293293527251775e-01 2.039041643393765257e-01 2.000346434068152324e-01
2.500000000000000000e+00 1.545298083159798719e-01 2.538537547785393866e-01 1.696433767857043196e-01 1.949836946000638449e-01 2.143881422797715985e-01 2.099161150293500921e-01 2.047242739291857683e-01 2.086917877294186541e-01 2.048439929711400043e-01
2.600000000000000089e+00 2.144485717552654380e-01 2.512645377039613992e-01 1.865618393733041169e-01 2.267683401554781430e-01 2.174096492141263937e-01 2.196633046820105351e-01 2.081605933083194582e-01 2.051461534303050949e-01 2.091023949046200980e-01
2.700000000000000178e+00 1.444100132356580524e-01 2.592463766525787139e-01 2.077128156453915964e-01 1.671374766719479488e-01 2.169653002137003905e-01 2.007354923865071195e-01 2.083046928500299766e-01 2.133817390636696953e-01 2.067605723365983916e-01
2.800000000000000266e+00 1.143528675040976356e-01 1.765569207704655308e-01 1.878219124535580598e-01 2.285676805048622307e-01 2.206648792940453241e-01 2.075612306027274645e-01 2.047259661275988574e-01 2.062882111670527874e-01 2.065637708935987582e-01
2.900000000000000355e+00 2.792668960439811388e-01 2.356473403325396454e-01 2.311575496864418933e-01 1.628236249992798534e-01 1.828075844192304511e-01 2.045869636257454660e-01 2.029331112215835009e-01 2.043982020425804125e-01 2.030676490520106070e-01
3.000000000000000000e+00 6.801018635293906711e-02 2.135416516038714518e-01 1.918816951586727604e-01 2.112513385255112563e-01 2.082152455638115462e-01 1.862291618127386028e-01 1.997830391332041378e-01 1.936020692894905304e-01 1.979371524797129411e-01
3.100000000000000089e+00 1.767025274560984904e-01 1.126034089504977798e-01 1.623953907400714491e-01 2.063114443095467876e-01 1.815612322076050056e-01 1.854630495992968808e-01 1.878572226279003610e-01 1.851519344291212565e-01 1.848074628823409282e-01
3.200000000000000178e+00 1.960057670326284252e-01 1.674604235498363125e-01 1.671770038128250480e-01 1.798115929284272718e-01 1.763461940192934396e-01 1.744200794605591243e-01 1.677474873593933491e-01 1.712041916902560523e-01 1.710794936247484188e-01
3.300000000000000266e+00 1.919901207836409995e-01 2.159206472834984125e-01 9.662380608683360239e-02 1.623278779969983820e-01 1.636622605265762587e-01 1.583133389929790302e-01 1.543236979988825697e-01 1.563469797195813360e-01 1.553266135186948671e-01
3.400000000000000355e+00 1.362825518746339504e-01 1.864817216235226949e-01 1.310431871887914601e-01 1.272515256074246426e-01 1.388927130313447333e-01 1.332486153333944656e-01 1.376024760103299049e-01 1.356426115310424840e-01 1.359469057574027029e-01
3.500000000000000000e+00 1.662563781219516534e-01 1.486148033586242867e-01 1.222283923755225071e-01 9.023884964640868644e-02 1.255130260292007249e-01 1.135014784302095375e-01 1.176114606506950822e-01 1.141024192781983637e-01 1.142336467837883063e-01
3.600000000000000089e+00 5.779956853223526536e-02 6.854884897274937661e-02 9.233254752566544266e-02 1.167883665555093375e-01 8.089680599801357674e-02 8.198990104244421873e-02 8.907915588674192309e-02 8.978423624442836981e-02 8.753323416201520824e-02
3.700000000000000178e+00 -7.737505742494607541e-02 1.125472147360160879e-01 4.338417239596088076e-02 6.288360733199449548e-02 6.175309988524944893e-02 5.277530593444551554e-02 6.024209849671697398e-02 6.325100378718187533e-02 6.217555951372476936e-02
3.800000000000000266e+00 1.655282454633275613e-01 3.555978461252418121e-02 6.759081362481451916e-02 8.633309895302081205e-03 2.382956969943294048e-02 2.842997821967165051e-02 3.026054513276488916e-02 3.086294902037104576e-02 2.976849556424594409e-02
3.900000000000000355e+00 -5.935517010501829838e-02 -9.795688766713831624e-03 4.707254080076465202e-02 -2.249035009205976876e-02 5.318672795373292385e-03 -1.456269609214358440e-02 3.514326857747022623e-04 -8.052633170608030320e-04 -2.677930010493369435e-03
4.000000000000000000e+00 -7.593406382801334842e-02 -1.512133891590189405e-03 -7.171812797748408630e-02 -1.871940922811172331e-02 -5.819744915988482592e-02 -3.767343502348611400e-02 -3.835980502272300086e-02 -3.878472491877174577e-02 -3.725109000090339600e-02
4.100000000000000533e+00 -9.518053586331821914e-02 -1.981985878084118746e-01 -1.356671231173982584e-01 -5.062255154650460720e-02 -6.262774183316290044e-02 -7.469614140480403119e-02 -7.892870676202161373e-02 -7.418433711464751668e-02 -7.453446081370690424e-02
4.200000000000000178e+00 -1.819016127011804651e-01 -1.716022506119278812e-01 -7.992568255579024505e-02 -1.325431728013738153e-01 -1.111477270879490803e-01 -1.013868022635914939e-01 -1.155715840789370980e-01 -1.192976238386365406e-01 -1.139051660966938218e-01
4.299999999999999822e+00 -1.702316248186591385e-01 -1.127726639270727749e-01 -1.660177867678837016e-01 -1.644764123655624577e-01 -1.557723151828421249e-01 -1.603842847195582344e-01 -1.562298621257949272e-01 -1.537935803564304538e-01 -1.551562764726868160e-01
4.400000000000000355e+00 -1.299989931637707818e-01 -1.948767219343679469e-01 -2.184109585945865351e-01 -2.053074573922690216e-01 -2.114273083858857205e-01 -2.064674182192510477e-01 -2.017397937162476729e-01 -2.000823533400890863e-01 -2.003716883842630858e-01
4.500000000000000000e+00 -2.763140725437580603e-01 -2.359640195724197198e-01 -2.384309783004416594e-01 -2.733337985023305272e-01 -2.688984908980532329e-01 -2.452873035666917889e-01 -2.451590719333092694e-01 -2.471176219024772969e-01 -2.440933320592766909e-01
4.600000000000000533e+00 -2.578280325929881434e-01 -2.629338097975556510e-01 -2.784646850806171692e-01 -2.858372585427133572e-01 -2.881676179814803840e-01 -2.893178476435066537e-01 -2.876795824522921374e-01 -2.943665923074261226e-01 -2.880597991952882353e-01
4.700000000000000178e+00 -3.489328250044290702e-01 -3.614240204630861375e-01 -3.641697080338410775e-01 -3.721923757372256891e-01 -3.465092300122787350e-01 -3.419225212579624085e-01 -3.388133255696807455e-01 -3.346726884703118410e-01 -3.337397335206657711e-01
4.800000000000000711e+00 -3.871489718889705722e-01 -3.936189693955802205e-01 -3.760761382234952266e-01 -3.896544647663764405e-01 -3.999033988069651269e-01 -3.875154603214298610e-01 -3.834483767019986056e-01 -3.808351532704858378e-01 -3.814355710835219404e-01
4.900000000000000355e+00 -4.724050949998881976e-01 -3.607200920751633122e-01 -4.933020796077398629e-01 -4.469197919291816867e-01 -4.406307637900258589e-01 -4.291058278041460228e-01 -4.289329760588594387e-01 -4.297468389650928589e-01 -4.287343372563378052e-01
5.000000000000000000e+00 -4.227928275614669662e-01 -4.757459671813461521e-01 -4.802780838495137594e-01 -4.842413545252076679e-01 -4.727901663157510481e-01 -4.746188728887573705e-01 -4.741293407157622375e-01 -4.744962073435461947e-01 -4.772832107958608905e-01
5.100000000000000533e+00 -4.726658337854929282e-01 -4.903640677270208470e-01 -5.478556020580396257e-01 -5.031090825357811269e-01 -5.227103838215128029e-01 -5.296697999509708543e-01 -5.267705908804708459e-01 -5.227015953309398499e-01 -5.235491539461325505e-01
5.200000000000000178e+00 -5.780571289286703385e-01 -4.907293610988106569e-01 -5.675792639190829769e-01 -5.610066888691641607e-01 -5.669174631476864290e-01 -5.629465334083901817e-01 -5.747917604883447940e-01 -5.686896011511565208e-01 -5.679333322983878274e-01
5.300000000000000711e+00 -4.242941779908172006e-01 -5.980278480466664215e-01 -6.496920948489836034e-01 -6.302649321524578241e-01 -6.175053831246288816e-01 -6.161470556248006547e-01 -6.197840559990552833e-01 -6.139703123738826651e-01 -6.158556737517590918e-01
5.400000000000000355e+00 -7.336781132237221170e-01 -5.990154689616836725e-01 -5.739296724488950341e-01 -6.521514816425070249e-01 -6.476004906153232099e-01 -6.520120737959334001e-01 -6.673398678547021179e-01 -6.570940665511474377e-01 -6.574685689153381141e-01
5.500000000000000000e+00 -8.057155218039466771e-01 -6.799255432913612340e-01 -6.869900842504934602e-01 -7.065643500201497229e-01 -6.995160060099236965e-01 -6.939861743146490403e-01 -7.062635896733687746e-01 -7.001367053739235846e-01 -7.018970678372017380e-01
5.600000000000000533e+00 -5.775851604031435604e-01 -7.075492432572223489e-01 -7.344368228070774496e-01 -7.260704052744324510e-01 -7.242483605241385458e-01 -7.405728036832379679e-01 -7.416674202015703932e-01 -7.397676927464184038e-01 -7.401169884159306545e-01
5.700000000000000178e+00 -7.620897954528421669e-01 -8.282833845728949651e-01 -7.922741854689784313e-01 -7.721978396816542300e-01 -7.913245068994128051e-01 -7.834643321953347339e-01 -7.787366131614108511e-01 -7.791679127159226725e-01 -7.799564478258012024e-01
5.800000000000000711e+00 -8.740307768331087024e-01 -7.942415600276622190e-01 -8.045078449606484217e-01 -8.202612533414179730e-01 -8.120970595065369890e-01 -8.119853390003179960e-01 -8.149529888821939183e-01 -8.150705479948441301e-01 -8.163972127400515033e-01
5.900000000000000355e+00 -8.696133961756513653e-01 -8.629091901030958578e-01 -8.425863723043180986e-01 -8.689324091187181631e-01 -8.496018285400755987e-01 -8.458340865358208172e-01 -8.535574705444244348e-01 -8.573903516514214118e-01 -8.525426908111997104e-01
6.000000000000000000e+00 -8.348383371702715605e-01 -8.761006614085223854e-01 -8.928754505343001746e-01 -8.832962508398636281e-01 -9.034483734482344763e-01 -8.788568868168359360e-01 -8.826781630932925005e-01 -8.844004213310815432e-01 -8.850358411322414298e-01
6.100000000000000533e+00 -7.979181496774446769e-01 -8.309003942504843421e-01 -9.172647706513640253e-01 -9.195257893916466418e-01 -8.952168091794221461e-01 -9.085319064685357660e-01 -9.184760730083258995e-01 -9.156527836684200672e-01 -9.155291276070011142e-01
6.200000000000000178e+00 -9.679757839766341965e-01 -9.095236070318024613e-01 -9.016175405972085555e-01 -9.136386082016393351e-01 -9.245764049451491440e-01 -9.439846958221549400e-01 -9.428953435020052121e-01 -9.411377028071837847e-01 -9.427376864018635061e-01
6.300000000000000711e+00 -1.151672592073599288e+00 -1.004027361320572798e+00 -9.925644403846644037e-01 -9.673321311479492479e-01 -9.677796082589330551e-01 -9.769582782370967999e-01 -9.639372468223302848e-01 -9.661121395371475851e-01 -9.663183269725588165e-01
6.400000000000000355e+00 -8.487687903070502138e-01 -1.040770623219763991e+00 -9.601791222626453459e-01 -9.648971391483267546e-01 -9.914889532057977739e-01 -9.987019700507441256e-01 -9.866862843705805908e-01 -9.878973768780440201e-01 -9.879271957391805303e-01
6.500000000000000000e+00 -1.002815674527898659e+00 -9.869998035291498439e-01 -9.862418764761420320e-01 -9.966138745417046918e-01 -1.013377022220114609e+00 -1.005412890238823742e+00 -1.006750681248655743e+00 -1.004205968930513837e+00 -1.005062903535089092e+00
6.600000000000000533e+00 -9.020757132312338111e-01 -9.721489022725410267e-01 -9.982105560331375749e-01 -9.905284444700881430e-01 -1.013622005097949197e+00 -1.017161201198715004e+00 -1.022631436818431050e+00 -1.020077774662064174e+00 -1.022567038862532085e+00
6.700000000000000178e+00 -1.068786164110752113e+00 -1.036462428036561301e+00 -1.034215570976176446e+00 -1.028197332650711893e+00 -1.024265492601763805e+00 -1.036376990615935911e+00 -1.035366132955757967e+00 -1.034144223538269847e+00 -1.032699673308484112e+00
6.800000000000000711e+00 -1.126231303949852824e+00 -1.038260747611944756e+00 -1.060590442069385908e+00 -1.036032802955989762e+00 -1.056041960827870163e+00 -1.035088261085300720e+00 -1.040531904586874834e+00 -1.043449400499649071e+00 -1.041235572525383457e+00
6.900000000000000355e+00 -9.492143260947392136e-01 -1.061529543940706422e+00 -1.053946480155919074e+00 -1.079724956091432375e+00 -1.047252501849210704e+00 -1.052953615516135422e+00 -1.050690337811204245e+00 -1.047121244820646613e+00 -1.047195822637462692e+00
7.000000000000000000e+00 -9.104812193147133748e-01 -1.085377475287955695e+00 -1.017003214414951895e+00 -1.068092858817936364e+00 -1.034308412420891665e+00 -1.047925572856085008e+00 -1.052631428743044717e+00 -1.050185987994758374e+00 -1.050326020734413834e+00
7.100000000000000533e+00 -7.833508272157563290e-01 -1.055842763523444860e+00 -1.039884842813927346e+00 -1.084776836000462152e+00 -1.050031594025050641e+00 -1.049934707633839004e+00 -1.053242067224050782e+00 -1.052396518759783239e+00 -1.050803483973795860e+00
7.200000000000000178e+00 -1.039700623704686189e+00 -1.045562128891371456e+00 -1.059077651992077040e+00 -1.036083213599809261e+00 -1.044358128758875459e+00 -1.043816072077635493e+00 -1.052703064296329316e+00 -1.051548202486269679e+00 -1.050925271661438121e+00
7.300000000000000711e+00 -1.036352054629889663e+00 -1.217254558590108449e+00 -1.053237616476659033e+00 -1.061147575189268055e+00 -1.039440111152071022e+00 -1.047353768313748157e+00 -1.052404050578325867e+00 -1.044942079618583763e+00 -1.044710630910100635e+00
7.400000000000000355e+00 -1.200183652347105889e+00 -1.023881933303161684e+00 -9.859881548791878947e-01 -1.040191653763371971e+00 -1.026747372652500045e+00 -1.023014669488565564e+00 -1.042960946090142782e+00 -1.039852206253309763e+00 -1.038526520133674635e+00
7.500000000000000000e+00 -1.013437605992503876e+00 -9.724907900651883486e-01 -9.979626107198305007e-01 -1.022574598230153287e+00 -1.025943141755078614e+00 -1.028813189036143383e+00 -1.032468329978193600e+00 -1.031114654486048110e+00 -1.029203963987730841e+00
7.600000000000000533e+00 -1.035651660922410455e+00 -1.000450383701718904e+00 -1.094261681879363790e+00 -1.012199317890162931e+00 -1.024604659313793631e+00 -1.020042707114853009e+00 -1.022901607617194397e+00 -1.018990273689008186e+00 -1.019996883365664964e+00
7.700000000000000178e+00 -9.170176080734896429e-01 -9.515012668026343601e-01 -9.857621482477010311e-01 -9.948540609785153643e-01 -1.003786864026235293e+00 -1.002773457490355513e+00 -1.001201337316327544e+00 -1.003040953444746641e+00 -1.006000829424966048e+00
7.800000000000000711e+00 -9.685093090164502705e-01 -9.677129311054049055e-01 -9.434876376450708202e-01 -9.807594962866894583e-01 -9.819407066165071196e-01 -9.878217778316726871e-01 -9.895095739796027079e-01 -9.922296044416901717e-01 -9.918469263803388891e-01
7.900000000000000355e+00 -1.036274535453149293e+00 -9.415696323948897772e-01 -1.034758761961260820e+00 -9.732076996385141676e-01 -9.796928274728126107e-01 -9.784964407174705503e-01 -9.788802158698526323e-01 -9.736199914984974280e-01 -9.735648964992529297e-01
8.000000000000000000e+00 -7.166748474161585003e-01 -9.570484564468906274e-01 -9.284488062010936016e-01 -9.790087812771066655e-01 -9.598996659245450092e-01 -9.551113482157542744e-01 -9.602932562215795720e-01 -9.589421088260244863e-01 -9.575920519601474057e-01
8.099999999999999645e+00 -9.377574697924662139e-01 -7.894068593624132824e-01 -9.529531477425521313e-01 -9.704608369728214834e-01 -9.459319373985909385e-01 -9.413087602633826156e-01 -9.358584708173764977e-01 -9.417005733006499346e-01 -9.411074537540895513e-01
8.200000000000001066e+00 -1.090983817760508234e+00 -9.117725465864131573e-01 -9.009980055307348357e-01 -9.125363160357586878e-01 -9.196357984328327184e-01 -9.136841475306508586e-01 -9.247879775679767045e-01 -9.234642976796900715e-01 -9.220451844639478978e-01
8.300000000000000711e+00 -9.219876356493383884e-01 -9.482660444125690091e-01 -9.490862037207636881e-01 -8.989667981966147359e-01 -8.957196350200387069e-01 -9.050010082493196162e-01 -9.107244305976324172e-01 -9.039916662773003209e-01 -9.059765354829715234e-01
8.400000000000000355e+00 -9.471858914900962434e-01 -8.580612123378108524e-01 -8.923098241882323478e-01 -8.883381653989934623e-01 -8.678505239337754862e-01 -8.824096285708910026e-01 -8.878303419880042568e-01 -8.865710477324874050e-01 -8.859846669707605038e-01
8.500000000000000000e+00 -8.615009116102320119e-01 -9.313033879399812420e-01 -8.711025988495337824e-01 -8.467954671016981738e-01 -8.597824266311441255e-01 -8.645117304824408988e-01 -8.682004822852887882e-01 -8.696660535357257915e-01 -8.686370744996717574e-01
8.599999999999999645e+00 -7.921566001874846830e-01 -8.417406273202456823e-01 -8.558033759959017273e-01 -8.800099093593934940e-01 -8.585399513480943545e-01 -8.557373531004328626e-01 -8.525340742551550388e-01 -8.536619368556885856e-01 -8.516857934573751621e-01
8.700000000000001066e+00 -8.464331559401985228e-01 -8.379965365956993928e-01 -8.263169607427616192e-01 -8.110451121247452821e-01 -8.350508500857928285e-01 -8.311194948131517268e-01 -8.350439201039361325e-01 -8.366458226067142734e-01 -8.355890810984081263e-01
8.800000000000000711e+00 -9.452282511918774777e-01 -7.740731354127231567e-01 -7.683462600778802054e-01 -8.506114793265980856e-01 -8.334052019122899502e-01 -8.250937761824703731e-01 -8.180629526283693664e-01 -8.196380021234285218e-01 -8.209701391118628955e-01
8.900000000000000355e+00 -8.543310185903911780e-01 -7.756832232355466150e-01 -7.725758014099590731e-01 -8.462701267646330905e-01 -8.021804704237748274e-01 -7.969090838883238215e-01 -8.019039007528079299e-01 -8.072636507554121765e-01 -8.037865116571251134e-01
9.000000000000000000e+00 -8.368258228017778633e-01 -7.862398844803673015e-01 -7.319811436395675663e-01 -7.885441497742230466e-01 -7.914839285500574473e-01 -7.983929510468329438e-01 -7.938251768797051078e-01 -7.924899917488401613e-01 -7.935572025791692852e-01
9.099999999999999645e+00 -6.321268287777380701e-01 -7.299972391710856101e-01 -8.326879579089568884e-01 -7.976156401625829062e-01 -7.876114691813237423e-01 -7.722845653107381914e-01 -7.832553323951499946e-01 -7.833200330413798707e-01 -7.840724904334755996e-01
9.200000000000001066e+00 -7.902382172889373946e-01 -7.305578368134471035e-01 -7.607921578348203484e-01 -7.527045705055581681e-01 -7.726549614595153992e-01 -7.707789405230832669e-01 -7.735829155667564017e-01 -7.739318073981463764e-01 -7.727781719026947105e-01
9.300000000000000711e+00 -7.111188630235989461e-01 -7.039354605773331386e-01 -7.058432885466042750e-01 -7.613028642350704311e-01 -7.556565655661433567e-01 -7.638365080617142144e-01 -7.643237847570838461e-01 -7.644946898403943703e-01 -7.663576624161091422e-01
9.400000000000000355e+00 -7.562363103185373303e-01 -8.315433367602157455e-01 -8.001122021045898869e-01 -7.445393342821543525e-01 -7.447412174536568452e-01 -7.677947781561403895e-01 -7.574390293591595213e-01 -7.634923777144826396e-01 -7.617313167109736050e-01
9.500000000000000000e+00 -7.649724169837360810e-01 -7.194006376490810206e-01 -7.750160458743082792e-01 -7.790977793409726848e-01 -7.480289930787202834e-01 -7.537589490786542612e-01 -7.611419568646989875e-01 -7.596091771534866366e-01 -7.593211362362797257e-01
9.600000000000001421e+00 -6.277337426194842251e-01 -7.351766424494942109e-01 -7.283832717395545275e-01 -7.516363568400874495e-01 -7.390074492037856935e-01 -7.510712064676121624e-01 -7.648083543942373330e-01 -7.608258743183591299e-01 -7.579051287767979428e-01
9.700000000000001066e+00 -9.223650647764130017e-01 -8.134520705419281406e-01 -7.569223494031923627e-01 -7.568697850836012542e-01 -7.739091932524699846e-01 -7.725961531698708473e-01 -7.598189173852609724e-01 -7.600361650787200718e-01 -7.590519659833141475e-01
9.800000000000000711e+00 -8.006460863881629253e-01 -8.701121726347541552e-01 -7.070016329067456695e-01 -7.523617079680674502e-01 -7.710980380739226314e-01 -7.716731143348090072e-01 -7.650925200564658857e-01 -7.645611254993172068e-01 -7.656220960390761610e-01
9.900000000000000355e+00 -7.899904554414406421e-01 -8.395365967513941374e-01 -7.075851969410349440e-01 -7.925267378011974229e-01 -7.849289479722294516e-01 -7.776971078434374851e-01 -7.688454061695715325e-01 -7.702118312862924476e-01 -7.707208528427976768e-01
1.000000000000000000e+01 -6.613638372459403891e-01 -7.591389250841827918e-01 -8.083117552451234422e-01 -7.614078976443834357e-01 -7.957178116387441102e-01 -7.712606820062744006e-01 -7.830999453945562960e-01 -7.838480150552549208e-01 -7.818075399929507174e-01
